

CYCLE NUMBER  100	MODEL TIME IN  HOURS  0.277778

DIAGONAL ELEMENTS OF U

-4.436922E-04	-9.301152E-03	-1.807418E-02	-2.668500E-02	-3.505719E-02	-4.312039E-02	-5.081694E-02	-5.801475E-02	-6.472199E-02	-7.085200E-02	-7.638421E-02	-8.117461E-02	-8.527436E-02	-8.860664E-02	-9.117011E-02	-9.291423E-02	-9.383048E-02	-9.391461E-02	-9.314241E-02	-9.158660E-02	-8.919410E-02	-8.600697E-02	-8.205447E-02	-7.735879E-02	-7.200660E-02	-6.599910E-02	-5.940372E-02	-5.227585E-02	-4.469138E-02	-3.669761E-02	-2.838195E-02	-1.981390E-02	-1.101903E-02	-2.217686E-03	6.650442E-03	1.543932E-02	2.413918E-02	3.260474E-02	4.077690E-02	4.859817E-02	5.598854E-02	6.288373E-02	6.922160E-02	7.494910E-02	7.998013E-02	8.436947E-02	8.797910E-02	9.081160E-02	9.284122E-02	9.401126E-02	9.442461E-02	9.396548E-02	9.267386E-02	9.056348E-02	8.765186E-02	8.396524E-02	7.953487E-02	7.440237E-02	6.861199E-02	6.221493E-02	5.526818E-02	4.782752E-02	3.997706E-02	3.176766E-02	2.327879E-02	1.458545E-02	5.764734E-03	-3.105128E-03	-1.194549E-02	-2.067797E-02	-2.922517E-02	-3.751143E-02	-4.546265E-02	-5.300912E-02	-6.003783E-02	-6.662387E-02	-7.257050E-02	-7.787237E-02	-8.248149E-02	-8.635812E-02	-8.944725E-02	-9.177886E-02	-9.327673E-02	-9.394460E-02	-9.377872E-02	-9.277873E-02	-9.095160E-02	-8.831921E-02	-8.489947E-02	-8.072697E-02	-7.580263E-02	-7.026910E-02	-6.407910E-02	-5.731623E-02	-5.004585E-02	-4.231220E-02	-3.423492E-02	-2.583436E-02	-1.720371E-02	-8.418106E-03	4.425000E-04	9.303105E-03	1.808371E-02	2.670686E-02	3.508992E-02	4.319909E-02	5.086585E-02	5.811372E-02	6.484660E-02	7.100660E-02	7.649922E-02	8.139697E-02	8.553197E-02	8.891160E-02	9.150660E-02	9.329122E-02	9.424835E-02	9.437460E-02	9.362981E-02	9.212635E-02	8.977223E-02	8.662561E-02	8.271211E-02	7.802718E-02	7.273199E-02	6.675387E-02	6.018618E-02	5.308631E-02	4.553028E-02	3.754800E-02	2.924712E-02	2.068879E-02	1.190626E-02	3.105356E-03	 


CYCLE NUMBER  200	MODEL TIME IN  HOURS  0.555556

DIAGONAL ELEMENTS OF U

-2.091759E-04	-4.869832E-03	-1.041066E-02	-1.678930E-02	-2.391846E-02	-3.172785E-02	-4.006842E-02	-4.880920E-02	-5.786490E-02	-6.713397E-02	-3.739979E-02	-4.260810E-02	-4.939669E-02	-5.595987E-02	-6.237621E-02	-6.839557E-02	-7.397148E-02	-7.899740E-02	-8.330927E-02	-8.678328E-02	-4.367551E-02	-4.521224E-02	-4.743007E-02	-4.886969E-02	-4.923915E-02	-4.858486E-02	-4.678441E-02	-4.397307E-02	-3.996423E-02	-3.479602E-02	-1.393618E-02	-1.037988E-02	-6.373248E-03	-1.348691E-03	4.555158E-03	1.133840E-02	1.902633E-02	2.747894E-02	3.646082E-02	4.601499E-02	2.732591E-02	3.307080E-02	4.011806E-02	4.736388E-02	5.474446E-02	6.215211E-02	6.938870E-02	7.641318E-02	8.306595E-02	8.910494E-02	4.625556E-02	4.935147E-02	5.360500E-02	5.714766E-02	5.991627E-02	6.182762E-02	6.275925E-02	6.260324E-02	6.136992E-02	5.885018E-02	2.708179E-02	2.510549E-02	2.311531E-02	1.997688E-02	1.591226E-02	1.069240E-02	4.529677E-03	-2.576487E-03	-1.069605E-02	-1.963539E-02	-1.421550E-02	-1.965186E-02	-2.627373E-02	-3.345002E-02	-4.109561E-02	-4.905150E-02	-5.723394E-02	-6.551553E-02	-7.373970E-02	-8.183122E-02	-4.380158E-02	-4.824751E-02	-5.388969E-02	-5.930023E-02	-6.414536E-02	-6.833761E-02	-7.176963E-02	-7.431368E-02	-7.594448E-02	-7.643588E-02	-3.718025E-02	-3.698505E-02	-3.705106E-02	-3.610333E-02	-3.419018E-02	-3.114904E-02	-2.698348E-02	-2.173132E-02	-1.530796E-02	-7.938835E-03	1.581796E-04	4.833544E-03	1.045513E-02	1.678935E-02	2.405074E-02	3.173444E-02	4.008907E-02	4.887709E-02	5.793853E-02	6.732693E-02	3.745443E-02	4.277419E-02	4.951543E-02	5.612385E-02	6.265400E-02	6.869012E-02	7.432536E-02	7.946946E-02	8.376792E-02	8.732686E-02	4.399571E-02	4.553390E-02	4.783013E-02	4.929901E-02	4.976872E-02	4.907922E-02	4.741485E-02	4.475205E-02	4.065661E-02	3.555683E-02	1.431497E-02	1.082550E-02	6.923236E-03	1.965197E-03	 


CYCLE NUMBER  300	MODEL TIME IN  HOURS  0.833333

DIAGONAL ELEMENTS OF U

-1.295905E-04	-3.041561E-03	-6.950790E-03	-1.178995E-02	-1.772724E-02	-2.480094E-02	-3.289814E-02	-4.220470E-02	-5.255740E-02	-6.408196E-02	-2.359580E-02	-2.740432E-02	-3.306383E-02	-3.942956E-02	-4.626636E-02	-5.348911E-02	-6.096318E-02	-6.840423E-02	-7.581172E-02	-8.274312E-02	-2.755363E-02	-2.901175E-02	-3.177840E-02	-3.446475E-02	-3.660043E-02	-3.802221E-02	-3.853670E-02	-3.802278E-02	-3.632591E-02	-3.315914E-02	-8.674813E-03	-6.663637E-03	-4.263636E-03	-9.708636E-04	3.370218E-03	8.849637E-03	1.558434E-02	2.376865E-02	3.316082E-02	4.388613E-02	1.724222E-02	2.121897E-02	2.685693E-02	3.341599E-02	4.066713E-02	4.863640E-02	5.714955E-02	6.616623E-02	7.550100E-02	8.491806E-02	2.913067E-02	3.175639E-02	3.593242E-02	4.025083E-02	4.453591E-02	4.834371E-02	5.165383E-02	5.418333E-02	5.573468E-02	5.619695E-02	1.702787E-02	1.616471E-02	1.548666E-02	1.400932E-02	1.167712E-02	8.312245E-03	3.715223E-03	-2.289585E-03	-9.730743E-03	-1.869716E-02	-8.983630E-03	-1.265536E-02	-1.757709E-02	-2.352532E-02	-3.044943E-02	-3.832106E-02	-4.709556E-02	-5.666349E-02	-6.704619E-02	-7.805263E-02	-2.761447E-02	-3.099373E-02	-3.618377E-02	-4.169126E-02	-4.764857E-02	-5.342718E-02	-5.905215E-02	-6.437279E-02	-6.899261E-02	-7.292145E-02	-2.337354E-02	-2.368632E-02	-2.493832E-02	-2.545104E-02	-2.532207E-02	-2.432879E-02	-2.223404E-02	-1.882490E-02	-1.394875E-02	-7.614512E-03	7.814059E-05	3.077192E-03	6.899905E-03	1.179757E-02	1.771808E-02	2.484388E-02	3.298245E-02	4.228939E-02	5.276130E-02	6.418159E-02	2.361617E-02	2.745819E-02	3.315616E-02	3.951973E-02	4.645076E-02	5.376983E-02	6.123058E-02	6.881729E-02	7.617653E-02	8.323874E-02	2.766675E-02	2.922352E-02	3.203734E-02	3.474408E-02	3.690851E-02	3.837360E-02	3.900012E-02	3.860468E-02	3.698113E-02	3.393859E-02	8.971916E-03	6.910873E-03	4.507763E-03	1.301439E-03	 


CYCLE NUMBER  400	MODEL TIME IN  HOURS  1.111111

DIAGONAL ELEMENTS OF U

-1.300871E-04	-2.357312E-03	-5.300774E-03	-9.230298E-03	-1.415521E-02	-2.043410E-02	-2.808032E-02	-3.750692E-02	-4.839327E-02	-6.175363E-02	-1.729479E-02	-2.123756E-02	-2.516499E-02	-3.063667E-02	-3.683374E-02	-4.400241E-02	-5.200054E-02	-6.056957E-02	-6.972086E-02	-7.983077E-02	-2.027368E-02	-2.259201E-02	-2.425327E-02	-2.668911E-02	-2.905388E-02	-3.121859E-02	-3.288463E-02	-3.361047E-02	-3.335578E-02	-3.194188E-02	-6.441007E-03	-5.223045E-03	-3.229032E-03	-7.427187E-04	2.654313E-03	7.269529E-03	1.338430E-02	2.098893E-02	3.038771E-02	4.240765E-02	1.268544E-02	1.636123E-02	2.035546E-02	2.580827E-02	3.235524E-02	3.998857E-02	4.876527E-02	5.865385E-02	6.941174E-02	8.204278E-02	2.133327E-02	2.463133E-02	2.741006E-02	3.129992E-02	3.545116E-02	3.978236E-02	4.406650E-02	4.800627E-02	5.120884E-02	5.416760E-02	1.248765E-02	1.260481E-02	1.178883E-02	1.094348E-02	9.354455E-03	6.894169E-03	3.218650E-03	-2.040022E-03	-8.933552E-03	-1.803176E-02	-6.589199E-03	-9.799046E-03	-1.343388E-02	-1.821472E-02	-2.430758E-02	-3.160328E-02	-4.016919E-02	-5.025864E-02	-6.168421E-02	-7.526772E-02	-2.029057E-02	-2.398564E-02	-2.762008E-02	-3.240087E-02	-3.800245E-02	-4.392928E-02	-5.032889E-02	-5.704560E-02	-6.348506E-02	-7.032756E-02	-1.720136E-02	-1.850387E-02	-1.887551E-02	-1.981658E-02	-2.025651E-02	-1.997274E-02	-1.879689E-02	-1.659211E-02	-1.284155E-02	-7.245916E-03	1.005365E-04	2.408237E-03	5.289344E-03	9.252026E-03	1.416901E-02	2.048042E-02	2.806853E-02	3.753371E-02	4.846122E-02	6.193654E-02	1.739311E-02	2.129421E-02	2.522693E-02	3.075757E-02	3.700763E-02	4.421305E-02	5.217676E-02	6.097422E-02	7.003821E-02	8.021634E-02	2.027762E-02	2.273425E-02	2.448646E-02	2.694559E-02	2.940798E-02	3.160946E-02	3.325375E-02	3.414802E-02	3.402083E-02	3.268219E-02	6.650543E-03	5.558722E-03	3.493625E-03	1.101643E-03	 


CYCLE NUMBER  500	MODEL TIME IN  HOURS  1.388889

DIAGONAL ELEMENTS OF U

-3.257313E-05	-1.965918E-03	-4.467740E-03	-7.618917E-03	-1.197622E-02	-1.753798E-02	-2.467472E-02	-3.379783E-02	-4.546125E-02	-5.986511E-02	-1.418456E-02	-1.747852E-02	-2.148896E-02	-2.569680E-02	-3.120934E-02	-3.784570E-02	-4.570026E-02	-5.480231E-02	-6.528284E-02	-7.725886E-02	-1.660148E-02	-1.861218E-02	-2.076707E-02	-2.239131E-02	-2.452125E-02	-2.683769E-02	-2.881123E-02	-3.042100E-02	-3.126857E-02	-3.089399E-02	-5.344515E-03	-4.279139E-03	-2.905704E-03	-5.956855E-04	2.185864E-03	6.343211E-03	1.164691E-02	1.896487E-02	2.864211E-02	4.111831E-02	1.041648E-02	1.345205E-02	1.738057E-02	2.163963E-02	2.739366E-02	3.440880E-02	4.280915E-02	5.299193E-02	6.510978E-02	7.937852E-02	1.758693E-02	2.025817E-02	2.341196E-02	2.622568E-02	3.001131E-02	3.419949E-02	3.870300E-02	4.337673E-02	4.802666E-02	5.251615E-02	1.031296E-02	1.024059E-02	1.010668E-02	9.171040E-03	7.858488E-03	5.943009E-03	2.868106E-03	-1.721852E-03	-8.395577E-03	-1.756801E-02	-5.433456E-03	-8.033098E-03	-1.139790E-02	-1.544878E-02	-2.049635E-02	-2.708231E-02	-3.530250E-02	-4.546418E-02	-5.784344E-02	-7.287677E-02	-1.676082E-02	-1.977627E-02	-2.356893E-02	-2.725771E-02	-3.204413E-02	-3.776369E-02	-4.424848E-02	-5.144187E-02	-5.955023E-02	-6.805617E-02	-1.415448E-02	-1.516695E-02	-1.624774E-02	-1.658163E-02	-1.710808E-02	-1.717999E-02	-1.655824E-02	-1.495716E-02	-1.197227E-02	-6.992892E-03	7.603384E-05	2.027188E-03	4.411265E-03	7.683893E-03	1.199423E-02	1.753847E-02	2.471261E-02	3.387569E-02	4.551173E-02	5.994886E-02	1.407066E-02	1.754373E-02	2.157310E-02	2.574548E-02	3.134083E-02	3.805271E-02	4.595245E-02	5.510799E-02	6.576352E-02	7.774814E-02	1.658517E-02	1.867097E-02	2.099287E-02	2.258405E-02	2.495984E-02	2.715814E-02	2.927949E-02	3.084403E-02	3.176906E-02	3.170571E-02	5.440607E-03	4.445336E-03	3.121071E-03	8.077261E-04	 


CYCLE NUMBER  600	MODEL TIME IN  HOURS  1.666667

DIAGONAL ELEMENTS OF U

-7.306421E-05	-1.901453E-03	-4.017452E-03	-6.852396E-03	-1.055257E-02	-1.559200E-02	-2.225702E-02	-3.071512E-02	-4.266248E-02	-5.784204E-02	-1.242052E-02	-1.532907E-02	-1.882135E-02	-2.296567E-02	-2.747591E-02	-3.362183E-02	-4.105183E-02	-4.980606E-02	-6.142418E-02	-7.461603E-02	-1.445079E-02	-1.616551E-02	-1.806239E-02	-2.012140E-02	-2.173067E-02	-2.377543E-02	-2.583883E-02	-2.784730E-02	-2.933887E-02	-2.979940E-02	-4.599090E-03	-3.797345E-03	-2.527360E-03	-6.693432E-04	2.077793E-03	5.642762E-03	1.055470E-02	1.715692E-02	2.690615E-02	3.976800E-02	8.924514E-03	1.187730E-02	1.516183E-02	1.934828E-02	2.415209E-02	3.047566E-02	3.847911E-02	4.817874E-02	6.128246E-02	7.664693E-02	1.513270E-02	1.773399E-02	2.041508E-02	2.360645E-02	2.638212E-02	3.031345E-02	3.480889E-02	3.956923E-02	4.521756E-02	5.067611E-02	8.824625E-03	9.021967E-03	8.867708E-03	8.351654E-03	7.036508E-03	5.271815E-03	2.487542E-03	-1.515937E-03	-7.992581E-03	-1.690193E-02	-4.755810E-03	-7.003996E-03	-1.003292E-02	-1.370314E-02	-1.810864E-02	-2.410845E-02	-3.181716E-02	-4.135539E-02	-5.445058E-02	-7.032922E-02	-1.451122E-02	-1.737309E-02	-2.047509E-02	-2.439048E-02	-2.826937E-02	-3.344831E-02	-3.987769E-02	-4.680411E-02	-5.607165E-02	-6.572592E-02	-1.227697E-02	-1.324975E-02	-1.408495E-02	-1.492487E-02	-1.513248E-02	-1.515561E-02	-1.487670E-02	-1.380242E-02	-1.132192E-02	-6.854581E-03	1.592639E-04	1.797874E-03	3.966450E-03	6.791003E-03	1.057633E-02	1.560981E-02	2.225727E-02	3.067072E-02	4.280245E-02	5.786592E-02	1.233618E-02	1.529109E-02	1.883033E-02	2.303703E-02	2.761051E-02	3.371476E-02	4.125569E-02	4.997486E-02	6.179853E-02	7.511069E-02	1.444000E-02	1.641131E-02	1.826720E-02	2.033065E-02	2.188898E-02	2.408687E-02	2.642019E-02	2.817010E-02	3.001467E-02	3.060257E-02	4.750872E-03	3.907213E-03	2.683241E-03	1.021148E-03	 


CYCLE NUMBER  700	MODEL TIME IN  HOURS  1.944444

DIAGONAL ELEMENTS OF U

-1.337500E-04	-1.625995E-03	-3.639296E-03	-6.172528E-03	-9.609420E-03	-1.421059E-02	-2.034571E-02	-2.863928E-02	-4.043883E-02	-5.586486E-02	-1.122554E-02	-1.384410E-02	-1.704226E-02	-2.060079E-02	-2.487431E-02	-3.030352E-02	-3.746611E-02	-4.638969E-02	-5.814283E-02	-7.210952E-02	-1.311709E-02	-1.462290E-02	-1.646247E-02	-1.795341E-02	-1.951203E-02	-2.157575E-02	-2.378511E-02	-2.576842E-02	-2.782516E-02	-2.885224E-02	-4.187013E-03	-3.364941E-03	-2.269072E-03	-6.156212E-04	1.904938E-03	5.123824E-03	9.663418E-03	1.606378E-02	2.552447E-02	3.828720E-02	8.222791E-03	1.080997E-02	1.373269E-02	1.730055E-02	2.171737E-02	2.754250E-02	3.515410E-02	4.482939E-02	5.804351E-02	7.417513E-02	1.365962E-02	1.607854E-02	1.858645E-02	2.103574E-02	2.389564E-02	2.741834E-02	3.176870E-02	3.675092E-02	4.285692E-02	4.896526E-02	8.009973E-03	8.201882E-03	8.129371E-03	7.460255E-03	6.454323E-03	4.745198E-03	2.269295E-03	-1.476803E-03	-7.566157E-03	-1.651689E-02	-4.304572E-03	-6.564673E-03	-9.089350E-03	-1.237186E-02	-1.645680E-02	-2.188165E-02	-2.905229E-02	-3.834325E-02	-5.149413E-02	-6.797771E-02	-1.319679E-02	-1.568284E-02	-1.863192E-02	-2.189658E-02	-2.549634E-02	-3.027330E-02	-3.632838E-02	-4.369205E-02	-5.298309E-02	-6.366237E-02	-1.111944E-02	-1.197113E-02	-1.277873E-02	-1.339027E-02	-1.372441E-02	-1.389204E-02	-1.362797E-02	-1.272698E-02	-1.066264E-02	-6.461051E-03	1.356128E-04	1.666630E-03	3.608573E-03	6.230686E-03	9.568177E-03	1.417086E-02	2.038532E-02	2.866758E-02	4.045338E-02	5.593258E-02	1.110128E-02	1.392068E-02	1.708712E-02	2.060932E-02	2.480059E-02	3.046686E-02	3.761590E-02	4.658115E-02	5.838428E-02	7.267245E-02	1.310330E-02	1.485026E-02	1.648769E-02	1.813374E-02	1.975504E-02	2.197845E-02	2.415991E-02	2.632411E-02	2.836966E-02	2.947607E-02	4.217349E-03	3.532320E-03	2.516511E-03	8.907797E-04	 


CYCLE NUMBER  800	MODEL TIME IN  HOURS  2.222222

DIAGONAL ELEMENTS OF U

-1.276828E-04	-1.519991E-03	-3.436937E-03	-5.728817E-03	-8.749820E-03	-1.310672E-02	-1.886508E-02	-2.641014E-02	-3.827493E-02	-5.411527E-02	-1.011190E-02	-1.269530E-02	-1.523812E-02	-1.845640E-02	-2.257423E-02	-2.780485E-02	-3.444989E-02	-4.297063E-02	-5.505276E-02	-6.980786E-02	-1.195128E-02	-1.344487E-02	-1.456713E-02	-1.603437E-02	-1.786879E-02	-1.975659E-02	-2.201502E-02	-2.405513E-02	-2.637245E-02	-2.799861E-02	-3.839703E-03	-3.194380E-03	-1.939581E-03	-4.685149E-04	1.678948E-03	4.631632E-03	8.949541E-03	1.481917E-02	2.414179E-02	3.703012E-02	7.394554E-03	9.918422E-03	1.245976E-02	1.569168E-02	1.979102E-02	2.515746E-02	3.234847E-02	4.149535E-02	5.499483E-02	7.187928E-02	1.230844E-02	1.467813E-02	1.653114E-02	1.882835E-02	2.168267E-02	2.509751E-02	2.929473E-02	3.416824E-02	4.053850E-02	4.753803E-02	7.150749E-03	7.616360E-03	7.152360E-03	6.612109E-03	5.867865E-03	4.397248E-03	2.142709E-03	-1.247749E-03	-6.981984E-03	-1.585992E-02	-3.997269E-03	-5.980087E-03	-8.314616E-03	-1.118000E-02	-1.498735E-02	-2.001729E-02	-2.676218E-02	-3.562532E-02	-4.877231E-02	-6.600037E-02	-1.194380E-02	-1.432967E-02	-1.672558E-02	-1.941902E-02	-2.323383E-02	-2.780294E-02	-3.345349E-02	-4.058808E-02	-5.026698E-02	-6.163825E-02	-1.001701E-02	-1.093147E-02	-1.157102E-02	-1.197801E-02	-1.246925E-02	-1.281586E-02	-1.270756E-02	-1.200644E-02	-1.009817E-02	-6.401913E-03	6.520406E-05	1.592765E-03	3.379461E-03	5.682971E-03	8.784892E-03	1.309468E-02	1.880650E-02	2.658818E-02	3.838822E-02	5.430792E-02	9.985580E-03	1.277352E-02	1.531309E-02	1.857405E-02	2.282561E-02	2.786190E-02	3.455778E-02	4.325480E-02	5.539680E-02	7.034118E-02	1.175659E-02	1.350532E-02	1.465169E-02	1.619822E-02	1.801541E-02	2.008968E-02	2.226774E-02	2.452272E-02	2.698189E-02	2.868747E-02	3.720044E-03	3.281513E-03	2.085915E-03	5.653696E-04	 
